1659963305055501,1,9,928,0,default,0,18,1,0,1,1,116,0,1,16,1,0,16,16,42
1659963305055707,1,9,928,0,default,0,18,1,0,2,1,116,1,1,16,1,0,16,16,42
1659963305055794,1,9,928,0,default,0,18,1,0,3,2,116,1,1,16,1,0,16,16,42
1659963305056071,1,9,928,0,default,0,18,1,0,4,1,116,1,1,16,1,0,16,16,42
1659963305056154,1,9,928,0,default,0,18,1,0,5,1,116,1,1,16,1,0,16,16,42
1659963305056230,1,9,928,0,default,0,18,1,0,6,1,116,1,1,16,1,0,16,16,42
1659963305056305,1,9,928,0,default,0,18,1,0,7,2,116,1,1,16,1,0,16,16,42
1659963305056586,1,9,928,0,default,0,18,1,0,8,2,116,1,1,16,1,0,16,16,42
1659963305056826,1,9,928,0,default,0,18,1,0,9,2,116,1,1,16,1,0,16,16,42
1659963305057053,1,9,928,0,default,0,18,1,0,10,1,116,1,1,16,1,0,16,16,42
1659963305057134,1,9,928,0,default,0,18,1,0,11,1,116,1,1,16,1,0,16,16,42
1659963305057208,1,9,928,0,default,0,18,1,0,12,2,116,1,1,16,1,0,16,16,42
1659963305057715,1,9,928,0,default,0,18,1,0,13,2,116,1,1,16,1,0,16,16,42
1659963305057945,1,9,928,0,default,0,18,1,0,14,1,116,1,1,16,1,0,16,16,42
1659963305058030,1,9,928,0,default,0,18,1,0,15,1,116,1,1,16,1,0,16,16,42
1659963305058108,1,9,928,0,default,0,18,1,0,16,2,116,1,1,16,1,0,16,16,42
1659963305058330,1,9,928,0,default,0,18,1,0,17,2,116,1,1,16,1,0,16,16,42
1659963305058603,1,9,928,0,default,0,18,1,0,18,1,116,1,1,16,1,0,16,16,42
1659963305058689,1,9,928,0,default,0,18,1,0,19,1,116,1,1,16,1,0,16,16,42
1659963305058765,1,9,928,0,default,0,18,1,0,20,1,116,1,1,16,1,0,16,16,42
1659963305058840,1,9,928,0,default,0,18,1,0,21,2,116,1,1,16,1,0,16,16,42
1659963305059068,1,9,928,0,default,0,18,1,0,22,2,116,1,1,16,1,0,16,16,42
1659963305059403,1,9,928,0,default,0,18,1,0,23,1,116,1,1,16,1,0,16,16,42
1659963305059487,1,9,928,0,default,0,18,1,0,24,2,116,1,1,16,1,0,16,16,42
1659963305059992,1,9,928,0,default,0,18,1,0,25,2,116,1,1,16,1,0,16,16,42
1659963305060226,1,9,928,0,default,0,18,1,0,26,2,116,1,1,16,1,0,16,16,42
1659963305060608,1,9,928,0,default,0,18,1,0,27,2,116,1,1,16,1,0,16,16,42
1659963305061153,1,9,928,0,default,0,18,1,0,28,1,116,1,1,16,1,0,16,16,42
1659963305061240,1,9,928,0,default,0,18,1,0,29,1,116,1,1,16,1,0,16,16,42
1659963305061315,1,9,928,0,default,0,18,1,0,30,1,116,1,1,16,1,0,16,16,42
1659963305061389,1,9,928,0,default,0,18,1,0,31,2,116,1,1,16,1,0,16,16,42
1659963305061924,1,9,928,0,default,0,18,1,0,32,1,116,1,1,16,1,0,16,16,42
1659963305062013,1,9,928,0,default,0,18,1,0,33,2,116,1,1,16,1,0,16,16,42
1659963305062689,1,9,928,0,default,0,18,1,0,34,1,116,1,1,16,1,0,16,16,42
1659963305062778,1,9,928,0,default,0,18,1,0,35,2,116,1,1,16,1,0,16,16,42
1659963305063115,1,9,928,0,default,0,18,1,0,36,1,116,1,1,16,1,0,16,16,42
1659963305063200,1,9,928,0,default,0,18,1,0,37,1,116,1,1,16,1,0,16,16,42
1659963305063281,1,9,928,0,default,0,18,1,0,38,1,116,1,1,16,1,0,16,16,42
1659963305063355,1,9,928,0,default,0,18,1,0,39,1,116,1,1,16,1,0,16,16,42
1659963305063429,1,9,928,0,default,0,18,1,0,40,2,116,1,1,16,1,0,16,16,42
1659963305063833,1,9,928,0,default,0,18,1,0,41,2,116,1,1,16,1,0,16,16,42
1659963305064194,1,9,928,0,default,0,18,1,0,42,2,116,1,1,16,1,0,16,16,42
1659963305064796,1,9,928,0,default,0,18,1,0,43,2,116,1,1,16,1,0,16,16,42
1659963305065299,1,9,928,0,default,0,18,1,0,44,1,116,1,1,16,1,0,16,16,42
1659963305065358,1,9,928,0,default,0,18,1,0,45,2,116,1,1,16,1,0,16,16,42
1659963305065709,1,9,928,0,default,0,18,1,0,46,2,116,1,1,16,1,0,16,16,42
1659963305065863,1,9,928,0,default,0,18,1,0,47,2,116,1,1,16,1,0,16,16,42
1659963305066086,1,9,928,0,default,0,18,1,0,48,2,116,1,1,16,1,0,16,16,42
