0x0000000000000000 0 0 0 1659963305054818
0x0000000000000000 0 0 0 1659963305055606
0x0000000002000000 0 0 0 1659963305055738
0x0200000000000000 1 0 100 1659963305055841
0x0000000000000000 0 0 0 1659963305055999
0x0000000000000000 0 0 0 1659963305056101
0x0000000000000000 0 0 0 1659963305056179
0x0000000002000000 0 0 0 1659963305056254
0x0200000000000000 1 0 100 1659963305056341
0x0000000002000000 0 0 0 1659963305056502
0x0200000000000000 1 0 100 1659963305056631
0x0000000002000000 0 0 0 1659963305056758
0x0200000000000000 1 0 100 1659963305056867
0x0000000000000000 0 0 0 1659963305056986
0x0000000000000000 0 0 0 1659963305057082
0x0000000002000000 0 0 0 1659963305057158
0x0200000002000000 1 0 100 1659963305057243
0x0200000002000000 1 0 100 1659963305057368
0x0200000000000000 1 0 100 1659963305057511
0x0000000002000000 0 0 0 1659963305057630
0x0200000000000000 1 0 100 1659963305057758
0x0000000000000000 0 0 0 1659963305057874
0x0000000000000000 0 0 0 1659963305057976
0x0000000002000000 0 0 0 1659963305058056
0x0200000000000000 1 0 100 1659963305058142
0x0000000002000000 0 0 0 1659963305058263
0x0200000000000000 1 0 100 1659963305058369
0x0000000000000000 0 0 0 1659963305058522
0x0000000000000000 0 0 0 1659963305058636
0x0000000000000000 0 0 0 1659963305058714
0x0000000002000000 0 0 0 1659963305058790
0x0200000000000000 1 0 100 1659963305058875
0x0000000002000000 0 0 0 1659963305059001
0x0200000002000000 1 0 100 1659963305059108
0x0200000000000000 1 0 100 1659963305059230
0x0000000000000000 0 0 0 1659963305059333
0x0000000002000000 0 0 0 1659963305059434
0x0200000002000000 1 0 100 1659963305059522
0x0200000002000000 1 0 100 1659963305059652
0x0200000000000000 1 0 100 1659963305059758
0x0000000002000000 0 0 0 1659963305059907
0x0200000000000000 1 0 100 1659963305060035
0x0000000002000000 0 0 0 1659963305060154
0x0200000002000000 1 0 100 1659963305060265
0x0200000000000000 1 0 100 1659963305060383
0x0000000002000000 0 0 0 1659963305060523
0x0200000002000000 1 0 100 1659963305060652
0x0200000002000000 1 0 100 1659963305060775
0x0200000002000000 1 0 100 1659963305060880
0x0200000000000000 1 0 100 1659963305060981
0x0000000000000000 0 0 0 1659963305061079
0x0000000000000000 0 0 0 1659963305061185
0x0000000000000000 0 0 0 1659963305061265
0x0000000002000000 0 0 0 1659963305061340
0x0200000002000000 1 0 100 1659963305061424
0x0200000002000000 1 0 100 1659963305061634
0x0200000000000000 1 0 100 1659963305061741
0x0000000000000000 0 0 0 1659963305061841
0x0000000002000000 0 0 0 1659963305061958
0x0200000002000000 1 0 100 1659963305062048
0x0200000002000000 1 0 100 1659963305062185
0x0200000002000000 1 0 100 1659963305062338
0x0200000000000000 1 0 100 1659963305062478
0x0000000000000000 0 0 0 1659963305062603
0x0000000002000000 0 0 0 1659963305062722
0x0200000002000000 1 0 100 1659963305062814
0x0200000000000000 1 0 100 1659963305062940
0x0000000000000000 0 0 0 1659963305063043
0x0000000000000000 0 0 0 1659963305063146
0x0000000000000000 0 0 0 1659963305063230
0x0000000000000000 0 0 0 1659963305063305
0x0000000002000000 0 0 0 1659963305063379
0x0200000000000000 1 0 100 1659963305063503
0x0000000002000000 0 0 0 1659963305063737
0x0200000002000000 1 0 100 1659963305063881
0x0200000000000000 1 0 100 1659963305064015
0x0000000002000000 0 0 0 1659963305064118
0x0200000002000000 1 0 100 1659963305064235
0x0200000002000000 1 0 100 1659963305064355
0x0200000002000000 1 0 100 1659963305064496
0x0200000000000000 1 0 100 1659963305064623
0x0000000002000000 0 0 0 1659963305064734
0x0200000002000000 1 0 100 1659963305064825
0x0200000002000000 1 0 100 1659963305064909
0x0200000002000000 1 0 100 1659963305064977
0x0200000002000000 1 0 100 1659963305065044
0x0200000002000000 1 0 100 1659963305065109
0x0200000000000000 1 0 100 1659963305065174
0x0000000000000000 0 0 0 1659963305065243
0x0000000002000000 0 0 0 1659963305065321
0x0200000002000000 1 0 100 1659963305065382
0x0200000002000000 1 0 100 1659963305065501
0x0200000000000000 1 0 100 1659963305065583
0x0000000002000000 0 0 0 1659963305065650
0x0200000000000000 1 0 100 1659963305065737
0x0000000002000000 0 0 0 1659963305065814
0x0200000002000000 1 0 100 1659963305065890
0x0200000000000000 1 0 100 1659963305065969
0x0000000002000000 0 0 0 1659963305066036
0x0200000000000000 1 0 100 1659963305066112
